; O Slim é um indivíduo limitado.
; mas um dia aprenderá

V 1
P title Fast and Furious
P author Sk-Slim
P width 4
P height 1

flag  0  0  0 0.5 0.5
spawn 0  0  0 0.3 0.4
spawn 0  0  0 0.4 0.4
spawn 0  0  0 0.5 0.4
spawn 0  0  0 0.6 0.4
spawn 0  0  0 0.7 0.4
spawn 0  0  0 0.3 0.5
spawn 0  0  0 0.4 0.5
spawn 0  0  0 0.5 0.5
flag  1  2  0 0.5 0.5
spawn 1  2  0 0.3 0.4
spawn 1  2  0 0.4 0.4
spawn 1  2  0 0.5 0.4
spawn 1  2  0 0.6 0.4
spawn 1  2  0 0.7 0.4
spawn 1  2  0 0.3 0.5
spawn 1  2  0 0.4 0.5
spawn 1  2  0 0.5 0.5

R  0  0
W 0 0 1 0.083
W 0 0.083 0.063 0.167
W 0.938 0.083 1 0.167
W 0 0.833 0.063 1
W 0.938 0.833 1 1
W 0.063 0.917 0.938 1

R  1  0
W 0 0 1 0.083
W 0 0.083 0.063 0.167
W 0.938 0.083 1 0.167
W 0 0.833 0.063 1
W 0.938 0.833 1 1
W 0.063 0.917 0.938 1

R  2  0
W 0 0 1 0.083
W 0 0.083 0.063 0.167
W 0.938 0.083 1 0.167
W 0 0.833 0.063 1
W 0.938 0.833 1 1
W 0.063 0.917 0.938 1

R  3  0
W 0 0 1 0.083
W 0 0.083 0.063 0.167
W 0.938 0.083 1 0.167
W 0 0.833 0.063 1
W 0.938 0.833 1 1
W 0.063 0.917 0.938 1
