:room
  W  0  0  5  2.25
  W  0  0  3  3.75
T W  3  2.25  3  3.75  5 2.25
  W 16  0 11 2.25
  W 16  0 13 3.75
T W 13 2.25 13 3.75 11 2.25
  W  0 12  5 9.75
  W  0 12  3 8.25
T W  3 9.75  3 8.25  5 9.75
  W 16 12 11 9.75
  W 16 12 13 8.25
T W 13 9.75 13 8.25 11 9.75
T G  8  0  0  6 16  6  1
T G  8 12  0  6 16  6  1

:top
T W  8  0  4  0  4  3
T W  8  0 12  0 12  3

:bottom
T W  8 12  4 12  4  9
T W  8 12 12 12 12  9

:left
T W  0  6  0  3  4  3
T W  0  6  0  9  4  9

:right
T W 16  6 16  3 12  3
T W 16  6 16  9 12  9

