:room
T W  0  0  2.5 1  1  4
  W  0  0  1  4
T W  0  0  2.5 1  5  0.545
  W  0  0  5  0.545
T W 16  0 13.5  1 15  4
  W 16  0 15  4
T W 16  0 13.5  1 11 0.545
  W 16  0 11 0.545
T W  0 12 2.5 11  1  8
  W  0 12  1  8
T W  0 12 2.5 11  5 11.455
  W  0 12  5 11.455
T W 16 12 13.5 11 15  8
  W 16 12 15  8
T W 16 12 13.5 11 11 11.455
  W 16 12 11 11.455

:top
T W  0  0  2.5  1  8  0
T W 16  0 13.5  1  8  0

:bottom
T W  0 12 2.5 11  8 12
T W 16 12 13.5 11  8 12

:left
T W  0  0  2.5 1  0  6
T W  0 12 2.5 11  0  6

:right
T W 16  0 13.5  1 16  6
T W 16 12 13.5 11 16  6

