:room
;C W  5  6  8  4.24 135  45
;C W 11  6  8  4.24 315 225
C W  5  6  8  4.24 300  10
C W  5  6  8 4.24 170 240
C W 11  6  8 4.24 350  60
C W 11  6  8 4.24 120 190
T W  1.33 3.88  0  3  0  4.07
T W 1.33 8.12  0  9  0 7.93
T W 14.67 3.88 16  3 16 4.07
T W 14.67 8.12 16  9 16 7.93

:top
C W  5  6  8  4.24   0  45
C W 11  6  8  4.24 315   0

:bottom
C W  5  6  8  4.24 135 180
C W 11  6  8  4.24 180 225

:left
C W  5  6  6  4.24 240 300

:right
C W 11  6  6 4.24  60 120

