:room
T W  1 -1  4  3 -1  1
T W 15 -1 12  3 17  1
T W  1 13  4  9 -1 11
T W 15 13 12  9 17 11

:top
T W 10 1.5  7.5  0.5  8.5 -0.5
T W  6 1.5 8.5 0.5 7.5 -0.5
T W  8 0.25  0  1  0  0
T W  8 0.25 16  1 16  0
  W  0  0  16  0.25

:bottom
T W 10 10.5 7.5 11.5 8.5 12.5
T W  6 10.5 8.5 11.5 7.5 12.5
T W  8 11.75  0 11  0 12
T W  8 11.75 16 11 16 12
  W  0 12 16 11.75

:left
T W  2 7.5 -0.5  6.5  0.5  5.5
T W  2 4.5 -0.5 5.5 0.5 6.5
T W  0.25  6  1  0  0  0
T W 0.25  6  1 12  0 12
  W  0  0  0.25 12

:right
T W 14 7.5 16.5 6.5 15.5 5.5
T W 14 4.5 16.5 5.5 15.5 6.5
T W 15.75  6 15  0 16  0
T W 15.75  6 15 12 16 12
  W 16  0 15.75 12

