:room
  W  0  0  2.7  1.3
  W  0  1.3  1.3  2.7
T W  0  2.7  1.3  2.7  0  4
T W  2.7  0  2.7  1.3  4  0
  W 16  0 13.3 1.3
  W 16 1.3 14.7 2.7
T W 16 2.7 14.7 2.7 16  4
T W 13.3  0 13.3 1.3 12  0
  W  0 12 2.7 10.7
  W  0 10.7 1.3 9.3
T W  0 9.3 1.3 9.3  0  8
T W 2.7 12 2.7 10.7  4 12
  W 16 12 13.3 10.7
  W 16 10.7 14.7 9.3
T W 16 9.3 14.7 9.3 16  8
T W 13.3 12 13.3 10.7 12 12

:top
  W  4  0 12  1.3
T W  2.7  0  4  0  4  1.3
T W 13.3  0 12  0 12 1.3

:bottom
  W  4 12 12 10.7
T W 2.7 12  4 12  4 10.7
T W 13.3 12 12 12 12 10.7

:left
  W  0  4  1.3  8
T W  0  2.7  0  4  1.3  4
T W  0 9.3  0  8 1.3  8

:right
  W 16  4 14.7  8
T W 16 2.7 16  4 14.7  4
T W 16 9.3 16  8 14.7  8

