:room
  W  0  0  4  1
  W  0  1  1  3
T W  0  3  1  3  0  4
T W  4  0  4  1  5  0
C W  2  2  2  1 270   0
  W 16  0 12  1
  W 16  1 15  3
T W 16  3 15  3 16  4
T W 12  0 12  1 11  0
C W 14  2  2  1   0  90
  W  0 12  4 11
  W  0 11  1  9
T W  0  9  1  9  0  8
T W  4 12  4 11  5 12
C W  2 10  2  1 180 270
  W 16 12 12 11
  W 16 11 15  9
T W 16  9 15  9 16  8
T W 12 12 12 11 11 12
C W 14 10  2  1  90 180

:top
  W  4  0 12  1

:bottom
  W  4 12 12  11

:left
  W  0  3  1  9

:right
  W 16  3 15  9

