:room
T W  0  0  4  0  0  1
T W  0  0  1  0  0  4
T W  0.71 -0.71 -0.71  0.71  2.83  2.83
T W 16  0 12  0 16  1
T W 16  0 15  0 16  4
T W 15.29 -0.71 16.71 0.71 13.17 2.83
T W  0 12  4 12  0 11
T W  0 12  1 12  0  8
T W 0.71 12.71 -0.71 11.29 2.83 9.17
T W 16 12 12 12 16 11
T W 16 12 15 12 16  8
T W 15.29 12.71 16.71 11.29 13.17 9.17

:top
S 32 24
T W  8  0 12  1 16  0
T W 11  0 13  0 12  4
T W 11.29 -0.71 12.71  0.71  9.17  2.83
T W 12.71 -0.71 11.29  0.71 14.83  2.83
T W 16  0 20  1 24  0
T W 19  0 21  0 20  4
T W 19.29 -0.71 20.71  0.71 17.17  2.83
T W 20.71 -0.71 19.29  0.71 22.83  2.83

:bottom
S 32 24
T W  8 24 12 23 16 24
T W 11 24 13 24 12 20
T W 11.29 24.71 12.71 23.29 9.17 21.17
T W 12.71 24.71 11.29 23.29 14.83 21.17
T W 16 24 20 23 24 24
T W 19 24 21 24 20 20
T W 19.29 24.71 20.71 23.29 17.17 21.17
T W 20.71 24.71 19.29 23.29 22.83 21.17

:left
T W  0  4  0.5  6  0  8
T W  0  5.5  0  6.5  2  6
T W 0.35  6.35 -0.35  5.65 1.41  4.59
T W 0.35 5.65 -0.35 6.35 1.41 7.41

:right
T W 16  4 15.5  6 16  8
T W 16 5.5 16 6.5 14  6
T W 15.65 6.35 16.35 5.65 14.59 4.59
T W 15.65 5.65 16.35 6.35 14.59 7.41

