:room
C W  3  3  3.2  2 240  30
C W  3  9  3.2  2 150 300
C W 13  3  3.2  2 330 120
C W 13  9  3.2  2  60 210
T W  0  0  2  0  0  2
T W  0 12  2 12  0 10
T W 16  0 14  0 16  2
T W 16 12 14 12 16 10
C W  3  0  1.65  0  90 141.5
C W 13  0 1.65  0 218.5 270
C W  3 12 1.65  0 38.5  90
C W 13 12 1.65  0 270 321.5
C W  0  3  1.65  0 128.5 180
C W  0  9 1.65  0   0 51.5
C W 16  3 1.65  0 180 231.5
C W 16  9 1.65  0 308.5   0

:top
C W  8 -5.66  8  4 145 215

:bottom
C W  8 17.66  8  4 325  35

:left
C W -2.2  6  4  2  45 135

:right
C W 18.2  6  4  2 225 315

