:room
C W  3  3  5  2 270   0
C W  3  9  5  2 180 270
C W 13  3  5  2   0  90
C W 13  9  5  2  90 180
  W  3  0  5  1
  W 13  0 11  1
  W  3 12  5 11
  W 13 12 11 11

:top
C W 11  3  4  2 270   0
C W  5  3  4  2   0  90
T W  7  0  8  1  9  0

:bottom
C W 11  9  4  2 180 270
C W  5  9  4  2  90 180
T W  7 12  8 11  9 12

:left
C W  3  9  4  2 270   0
C W  3  3  4  2 180 270
T W  0  5  0  7  1  6

:right
C W 13  9  4  2   0  90
C W 13  3  4  2  90 180
T W 16  5 16  7 15  6

