:room
  W  0  0  2  0.6
  W  0  0  0.6  2
  W  1  1  3  1.6
  W  1  1  1.6  3
  W  2  2  4  2.6
  W  2  2  2.6  4
  W 16  0 14 0.6
  W 16  0 15.4  2
  W 15  1 13 1.6
  W 15  1 14.4  3
  W 14  2 12 2.6
  W 14  2 13.4  4
  W  0 12  2 11.4
  W  0 12 0.6 10
  W  1 11  3 10.4
  W  1 11 1.6  9
  W  2 10  4 9.4
  W  2 10 2.6  8
  W 16 12 14 11.4
  W 16 12 15.4 10
  W 15 11 13 10.4
  W 15 11 14.4  9
  W 14 10 12 9.4
  W 14 10 13.4  8

:top
  W  2  0 14  0.6

:bottom
  W  2 12 14 11.4

:left
  W  0  2 0.6 10

:right
  W 16  2 15.4 10

