:room
  W  0  0  4  1
  W  3  1  4  2
  W  0  1  1  3
  W  0 12  4 11
  W  3 11  4 10
  W  0 11  1  9
  W 16 12 12 11
  W 13 11 12 10
  W 16 11 15  9
  W 16  0 12  1
  W 13  1 12  2
  W 16  1 15  3

:top
  W  4  0 12  1
  W  6  1  7  2
  W 10  1  9  2

:bottom
  W 12 12  4 11
  W 10 11  9 10
  W  6 11  7 10

:left
  W  0  3  1  9
  W  1  2.75  2  3.75
  W  1  5.5  2  6.5
  W  1 9.25  2 8.25

:right
  W 16  9 15  3
  W 15 9.25 14 8.25
  W 15 6.5 14 5.5
  W 15 2.75 14 3.75

