:room
C W  0  0  3
C W  0  0  4  0  90 101.25
C W  0  0  4  0 123.75 146.25
C W  0  0  4  0 168.75 180
C W 16  0  3
C W 16  0  4  0 258.75 270
C W 16  0  4  0 213.75 236.25
C W 16  0  4  0 180 191.25
C W  0 12  3
C W  0 12  4  0 78.75  90
C W  0 12  4  0 33.75 56.25
C W  0 12  4  0   0 11.25
C W 16 12  3
C W 16 12  4  0 270 281.25
C W 16 12  4  0 303.75 326.25
C W 16 12  4  0 348.75   0

:top
C W  0  0  8.16  0  90 101.25
C W 16  0  8.16  0 258.75 270

:bottom
C W 16 12 8.16  0 270 281.25
C W  0 12 8.16  0 78.75  90

:left
C W  0  0  6.12  0 168.75 180
C W  0 12  6.12  0   0 11.25

:right
C W 16 12 6.12  0 348.75   0
C W 16  0 6.12  0 180 191.25

