:room
T W  4  0  0  4  0 3.5
T W  4  0 3.5 0  0 3.5
T W  3  0  0  3  0 2.5
T W  3  0 2.5 0  0 2.5
T W  2  0  0  2  0 1.5
T W  2  0 1.5 0  0 1.5
T W  1  0  0  1  0 0.5
T W  1  0 0.5 0  0 0.5
T W  4 12  0  8  0 8.5
T W  4 12 3.5 12  0 8.5
T W  3 12  0  9  0 9.5
T W  3 12 2.5 12  0 9.5
T W  2 12  0 10  0 10.5
T W  2 12 1.5 12  0 10.5
T W  1 12  0 11  0 11.5
T W  1 12 0.5 12  0 11.5
T W 12  0 16  4 16 3.5
T W 12  0 12.5  0 16 3.5
T W 13  0 16  3 16 2.5
T W 13  0 13.5  0 16 2.5
T W 14  0 16  2 16 1.5
T W 14  0 14.5  0 16 1.5
T W 15  0 16  1 16 0.5
T W 15  0 15.5  0 16 0.5
T W 12 12 16  8 16 8.5
T W 12 12 12.5 12 16 8.5
T W 13 12 16  9 16 9.5
T W 13 12 13.5 12 16 9.5
T W 14 12 16 10 16 10.5
T W 14 12 14.5 12 16 10.5
T W 15 12 16 11 16 11.5
T W 15 12 15.5 12 16 11.5

:top
  W  3.4  0.18 12.6 0.53
  W  2.7  0.88 13.3 1.24

:bottom
  W 3.4 11.82 12.6 11.47
  W 2.7 11.12 13.3 10.76

:left
  W  0.18 3.4 0.53  8.6
  W  0.88 2.7 1.24  9.3

:right
  W 15.82 3.4 15.47 8.6
  W 15.12 2.7 14.76 9.3

