:room
T W  1  1  0  0  3  0
T W  1  1  0  0  0  3
T W 15  1 16  0 13  0
T W 15  1 16  0 16  3
T W  1 11  0 12  3 12
T W  1 11  0 12  0  9
T W 15 11 16 12 13 12
T W 15 11 16 12 16  9

:top
T W  3  1  1  0  5  0
T W  5  1  3  0  7  0
T W  7  1  5  0  9  0
T W  9  1  7  0 11  0
T W 11  1 13  0  9  0
T W 13  1 15  0 11  0

:bottom
T W  3 11  1 12  5 12
T W  5 11  3 12  7 12
T W  7 11  5 12  9 12
T W  9 11  7 12 11 12
T W 11 11 13 12  9 12
T W 13 11 15 12 11 12

:left
T W  1  3  0  1  0  5
T W  1  5  0  3  0  7
T W  1  7  0  5  0  9
T W  1  9  0 11  0  7

:right
T W 15  3 16  1 16  5
T W 15  5 16  3 16  7
T W 15  7 16  5 16  9
T W 15  9 16 11 16  7

